11888
27338
18249
31637
17925
8874
17165
16479
26792
7168
5771
23972
18142
26512
26761
5088
16581
16461
13884
8520
14922
24258
26902
20564
32667
7088
32479
20347
19936
9721
30727
13885
21542
20412
59
23399
16539
14018
1334
24723
11777
19481
12250
5870
1373
32510
29567
8510
10223
3841
10123
30499
30055
18787
24386
11676
598
13763
29664
10446
4835
30201
29925
6913
11711
23875
29361
29932
23387
671
22352
11058
25944
21111
16791
29996
10815
25475
5744
26857
22898
4844
15474
6259
11106
11181
13749
5204
27139
7487
3044
30553
23933
1397
17043
24470
28965
4517
17363
30890
9387
31496
31492
31557
7572
8803
4587
17895
27883
3815
1029
29418
23860
21590
31770
4034
23714
9320
12308
22916
22410
3949
12050
8869
5910
14387
21945
17924
30782
32554
23754
19243
3828
26822
13818
8146
2463
17189
11006
2725
26827
20210
29413
15176
24351
28553
12714
7063
28047
9820
5642
17970
4051
23957
2451
17977
3351
17917
9982
1108
16628
19484
27326
1271
28831
26786
20953
23524
96
20485
23287
30961
7494
17772
7608
12811
12058
5324
27723
11899
9873
30800
13117
5992
31685
27903
2958
12701
28902
15001
13066
17549
27949
12993
24278
29332
1042
27489
7242
26240
31935
30795
13310
31312
28100
26652
17192
15164
16652
2150
32549
28405
13328
13582
22357
32301
10314
14066
26924
26714
22509
30159
31366
9399
17107
355
28219
5260
26551
13774
26356
27312
7588
32574
3133
11340
8621
203
9691
12001
11487
8864
351
14221
9844
19292
22011
8074
17993
18616
6805
8695
15251
11113
538
14043
11213
6728
4629
8039
7669
24752
1920
1915
9719
15399
32217
24684
25706
11585
3193
22789
11898
20418
20002
5835
29221
32259
1751
5253
10923
17303
23536
18940
31039
25389
21101
256
13827
29624
1931
31659
3379
22734
22421
20458
31904
6734
26365
7224
17761
24390
16811
31149
9669
4116
1173
20280
28556
25547
17808
27177
20054
23768
11621
32754
21083
30949
30760
32046
4957
6141
20421
17890
32731
24305
13532
19203
11400
6395
27087
6457
14331
23714
5145
17635
5800
30685
2017
22363
23311
26491
29134
8571
20019
24002
21278
5984
27726
7255
1010
6509
6595
9566
12268
20115
9300
2017
252
29648
25749
19318
27767
17654
5024
16156
22122
25262
10507
12135
32557
22972
21783
18397
28475
12165
27434
9119
21824
6094
20608
20812
2676
14278
17181
20002
12584
6727
3334
15462
8606
14681
30640
22790
6430
16632
5049
29822
24390
28439
10454
29432
21922
13540
25101
6071
9597
32078
2596
8117
32758
15556
27737
28555
9302
11840
11603
22674
8352
24965
12377
14664
106
32421
23746
31989
24044
25285
22444
16014
2391
31268
1521
4825
14952
31578
27223
15826
60
26590
13319
22350
25446
30155
4417
8926
28223
18148
6733
7926
3965
4309
26805
3918
2823
6844
11953
1673
27912
13287
25315
13077
13122
2015
21572
29522
8358
29606
14943
29942
28449
16446
5565
25520
21432
26218
29856
27403
2263
16313
28660
3990
21222
18623
29826
9026
13086
22694
11367
22795
15515
29158
7364
15322
16306
4176
19384
3242
16260
6225
651
19434
26067
19317
44
29219
26901
26154
12254
7131
6343
19143
14382
11449
1028
24012
30248
11754
28246
30571
14538
27586
1740
3656
20665
5799
5453
32638
18483
27435
4651
6114
22341
9592
23547
17035
26686
17393
32677
146
16483
23830
18103
3606
8420
3240
32767
22659
29711
15374
13912
10772
23236
18936
18884
11927
11817
21826
7867
13681
18846
12059
22467
21729
12532
14438
19777
21129
26329
11872
14223
29994
1943
10884
16206
9135
31743
22956
26622
30061
22687
11896
2252
6057
15676
4851
18346
11354
18556
23924
19109
1585
29666
3267
4979
26071
27647
3965
14668
7286
14567
6842
29948
14202
19171
21484
13109
6553
16229
21003
8489
9488
29249
14831
26456
23344
12057
31229
1703
5402
5913
26885
2995
14791
3813
19563
3172
5451
18640
2437
9157
13658
16207
1605
24595
28427
13229
32024
22292
29148
1280
18445
21673
3062
29531
26426
22439
947
9029
18012
20707
10846
30058
1469
22668
3130
1681
19035
19902
25029
27598
22854
5203
9789
32505
586
25853
30564
20318
7630
25490
8833
2742
8700
28582
679
29271
4898
25439
5177
12455
21336
13445
25006
8918
5476
11225
11666
27341
30426
9896
32205
23905
1416
5791
27688
8397
13328
13281
24589
3935
471
5463
5518
12913
23070
9031
5546
27035
28271
6185
971
4647
4155
950
25746
17093
19905
1089
16855
28544
22065
10826
20460
2545
26898
14929
30754
29107
21729
16616
27791
18711
18683
11532
10510
536
32445
25781
1414
14225
32233
1964
15728
9901
75
21661
4243
23711
14493
25709
24850
27796
169
12237
29353
16870
12973
4880
12084
25235
12803
17465
5233
13805
26369
28505
12038
9107
12831
27928
18118
7839
6743
18321
8240
28961
15058
355
30520
23501
13248
21252
5963
24048
8840
21081
13453
14761
25889
14468
27237
2133
11455
14846
827
29515
9139
9445
28032
25802
10892
14743
495
17711
28803
29055
32531
6251
27414
10287
24074
4021
28914
23215
25736
25468
31766
28949
6175
2464
22326
18006
30397
7137
14941
25180
6262
664
6871
6745
7811
14245
12878
2906
5003
13736
307
8991
8482
26484
20576
11050
16016
11200
30203
2582
15571
16672
24989
12074
21479
11828
13235
23598
5444
31263
25637
16765
26537
18747
15414
8284
28696
12812
10156
26506
3105
24178
8496
32281
16740
19746
15863
12411
18002
18262
7330
29664
2099
24260
15203
29632
21101
1997
31074
7603
31491
9208
18271
8073
14428
4254
19352
2967
1094
3559
31981
5967
12346
4597
31042
10260
3810
23646
6949
8780
22232
24032
4784
11958
8881
18512
1457
27133
12858
23252
31497
12942
20737
15954
5458
2215
1559
1576
24773
13489
28949
10526
14426
10192
30813
1688
1584
19128
11426
19473
25392
11970
1451
20164
23022
21823
23635
11692
20687
268
17877
20399
24433
18023
13382
4631
4935
19712
99
15169
26500
30803
16525
1433
29755
27190
4370
22214
6340
5038
12718
30497
9569
18439
7250
23916
18465
1572
31011
25281
16645
27667
5062
29384
8546
2276
13787
3117
6790
188
2759
9553
8094
14117
28855
18752
24280
29608
23266
228
21956
13470
10510
