10595
30809
21925
5285
29354
26753
29819
28800
9035
16971
31574
6529
203
27767
20489
20484
13488
27337
9815
31631
16366
21422
12038
28063
17058
18723
15670
16808
27650
30931
22001
32343
9876
26495
24067
23578
21663
2979
23052
21730
12512
31575
29907
24872
10109
12659
16349
1582
15167
11766
25151
6535
19195
30121
10672
24025
19281
13567
12770
23778
18585
2624
5651
8889
17691
15078
24799
15958
18302
22600
11864
11093
11652
6005
13400
2295
5876
24675
9494
17002
31959
22601
8184
3146
18662
27465
9384
23399
324
6482
15466
14537
23657
2629
19885
5873
20830
11606
19935
3170
30768
26550
17798
5984
20127
5743
23181
20216
13590
26511
21723
9536
14304
20104
20779
7904
30872
6103
5655
9169
19425
24548
16245
19813
24408
28969
13287
21896
31687
19863
6318
2885
14236
26421
14271
28812
11673
19467
3097
25906
3020
18750
26709
825
3778
18812
27519
4178
15608
29338
14372
10400
30354
18044
8620
1727
11599
19254
17386
3333
22717
32368
14578
29703
31401
6159
24875
16991
18394
24594
29093
29101
18687
7097
15532
25820
2021
21997
26781
5031
7405
1756
2296
3931
12478
24292
19895
17630
17975
14514
15582
8176
24743
30379
10836
29617
23105
20362
25073
19555
32458
20043
14296
3698
16021
2377
29447
1713
3505
21667
17964
20455
17249
29667
19130
12682
3532
3810
12861
23498
19958
28134
8683
9426
28655
16654
27771
11082
4939
30448
7738
544
6097
26240
3931
18824
25208
20532
28814
22849
28303
31333
1493
24602
32571
27897
915
7350
1318
4159
16870
5004
3190
13082
14903
26161
18172
15458
784
12250
1710
2951
15917
2845
15448
19575
11477
9463
20110
17090
24171
275
23781
20476
11584
21321
17251
14692
32171
4710
29235
28866
29532
10283
28061
25750
4333
25240
2614
7022
30138
2666
14676
7832
11763
17122
31173
30713
18671
5832
16577
18237
10691
22192
28444
12849
17940
11388
9920
13420
18217
2082
5211
4661
16708
18863
341
29345
30003
19596
16901
25852
20514
14336
21540
21866
7603
14583
16770
13518
8273
2306
6903
22507
961
26270
8093
20938
24057
25273
25660
19803
12854
10098
3846
10846
10825
7201
31621
24964
31281
2711
23249
29650
8687
10663
9222
26951
406
12517
26869
8894
29602
22957
25370
790
24970
29031
19663
13199
1689
24842
23230
1911
21753
19935
27036
17159
12561
14216
13333
18824
30481
14144
9474
30393
32458
17508
6626
10101
4548
8755
10632
13713
1930
23250
17169
27396
31817
27538
14617
12362
21913
1654
3375
31242
2459
3312
3973
14838
23620
10220
9964
22258
1784
8463
21760
28793
32347
24897
19104
28989
19044
14441
8354
13582
9395
21111
2244
17917
20772
32168
2789
29889
25764
9733
8821
20570
28227
10798
20522
16628
13963
27989
29684
18957
2320
19085
820
14298
15433
19781
28457
15335
27550
21263
20394
15615
6082
31399
9755
24139
8515
1072
19610
445
20832
1728
25977
18864
25882
7967
24305
24008
20110
31692
24340
30496
8321
27201
11268
30628
22589
18808
25699
4283
31132
1454
7178
15658
12642
359
12542
4661
29135
4018
27807
11270
15733
25518
17699
14675
5192
6477
21315
27196
14068
15192
20532
18034
13427
27316
12249
11934
30174
2787
11063
3329
15491
6093
20265
31063
17977
2241
25429
21506
3056
25783
15710
7268
20108
27608
21596
1677
26100
31296
10377
5142
1637
2050
21308
13388
28685
27244
21276
12178
15573
14989
26765
25088
16510
1269
5743
2384
12015
9916
6920
10747
31949
31686
30014
20383
11853
16964
18954
11428
2118
22398
15913
23839
22411
12753
6165
20726
17015
15347
15923
8518
22729
30079
25934
21761
21938
31917
836
22748
18477
25952
23039
11880
5519
359
11943
5758
2655
32252
278
15073
28007
31377
22413
6943
18699
31949
29349
16568
24282
26065
32136
32386
31075
19647
3680
16204
4170
25213
2832
10178
29339
17078
17955
3985
27485
22050
26625
5579
5227
10760
30825
21644
19327
24833
7195
30686
32144
8446
23253
15322
15454
8844
385
5648
21067
17751
29869
3625
18540
19949
1851
2507
4832
12485
10586
4029
22368
3712
949
17996
536
17774
21226
12525
7349
15444
5949
28963
7104
19053
27790
3747
5674
24750
7816
2743
6952
22606
19740
17120
6721
2694
13613
26303
4516
5526
29069
1333
30400
29448
18473
29898
3343
17208
22400
6987
7986
29204
14426
22711
20035
6433
26550
6493
27495
17087
3332
21310
4002
29357
28820
29368
26096
6095
13903
31334
23441
19247
12453
23106
10916
67
24518
16908
29431
2670
28949
29424
21790
7112
21209
21603
17346
8482
12342
20558
32572
8005
26973
14958
28514
30075
23551
18170
20385
10577
4103
21639
24909
8090
7304
3370
6196
26295
22772
8924
30073
30230
11920
11042
1184
1785
7716
24045
12005
27257
19959
15294
22738
202
13306
24335
32272
13760
12356
31983
16254
9874
11198
22764
6016
21727
3872
12341
10394
2798
9756
24576
23101
21818
17112
19242
14304
13614
13730
17181
18003
28973
27872
30711
17232
9685
20805
13289
852
31877
12875
26076
25004
11036
22237
16219
30419
8452
1619
27053
2299
1392
7588
5697
27370
27361
1239
28240
15623
23535
6331
9661
17589
9542
23768
13632
19935
239
2469
32707
19156
1745
19196
26380
9814
1655
17098
5021
31725
11795
9227
29656
10882
8899
31222
13927
29992
28180
28532
17371
9789
25797
10967
31635
26802
27341
4553
14304
19367
14494
2434
23910
9275
1452
1855
31174
16802
15401
1263
13690
10104
6675
11823
7424
16980
25457
22904
1338
19105
2522
8599
3861
18857
27958
13150
3689
29939
6601
9114
22560
21455
10093
24901
15259
25391
7710
6140
11089
11192
956
5811
22713
32281
30477
3751
18283
18844
31746
16020
7042
16634
23867
24104
10052
16756
18124
23992
31749
12319
32322
20019
584
16768
23521
1364
23848
24408
26928
21019
7414
8385
18616
21885
1316
2170
19208
21339
26977
32128
21756
4017
26118
12766
31551
3088
30641
27589
30479
14670
13871
25823
22592
29052
13984
13281
6276
19992
22741
29792
29673
11908
1021
8421
10915
695
5761
21315
4108
11827
3372
24360
2793
5942
9615
31475
27375
13877
32676
27333
14214
14726
689
25051
23500
4445
2415
3611
21469
30713
6508
492
16210
18975
10670
28747
32007
17352
15513
28444
13346
29975
20755
13245
28240
909
28389
32225
10066
2944
21092
9372
30137
13769
31570
31162
12525
21950
8959
30549
14452
9056
23987
27559
16497
26069
27472
5916
18283
8728
31540
28843
6480
8687
26461
1127
954
26397
10960
8273
8048
24281
5947
17265
21296
27008
3545
805
29612
2695
16278
23224
9426
21683
14452
6454
24656
26252
14893
24959
17752
2831
10778
28827
5536
21155
5715
7757
942
14414
5656
19435
13906
10025
2415
13676
9588
29713
31759
22723
13327
8096
12157
26476
11134
29787
4213
30276
31735
21805
7051
24477
26197
20501
29970
2962
29466
18715
14397
4760
23220
20872
16772
28246
17151
32598
30793
11447
30220
22758
23484
22845
30241
10481
22268
4248
4864
20161
8319
29303
25708
24225
10419
26014
19946
9874
23525
25144
28613
27455
15203
13935
10580
28979
4573
31035
4223
9802
18193
8055
640
32613
5800
26426
12775
24162
11866
3428
21985
5196
30553
375
24249
21454
3821
2985
21407
10222
12891
6455
15785
17144
8716
8955
17431
14775
16363
25153
24027
32491
27919
18391
15449
13048
27290
26979
21355
7132
16865
22777
8872
22883
30669
6893
9190
10654
3969
11750
765
20881
8252
22836
718
32300
641
13668
13188
12669
22646
8977
24090
4131
30091
9213
18718
8966
26971
19040
15028
24901
12759
12927
23517
5744
22689
14977
24825
30968
32694
27774
7051
1251
8528
20186
22845
28356
1803
3793
13348
17131
15430
14674
14404
1241
32716
30225
599
25335
30900
30936
15306
21127
12933
7453
6153
10202
9374
24538
14076
32451
18645
11161
4305
1869
1375
10958
20221
2729
28144
5226
13949
15466
8226
9901
1890
11253
16155
17468
30092
27186
21098
26483
7862
14216
3123
24572
8627
19977
14988
3745
15094
7145
26662
4958
2648
565
28720
8635
26134
27585
2424
28505
24345
20579
3284
28874
23163
30814
31424
22693
25670
5153
1096
3290
8063
31794
6953
1604
30563
11621
19763
20093
30192
21841
28401
4086
25511
772
22924
27719
5265
20470
16365
3267
1664
5436
24354
8528
13463
254
3587
16758
17420
8235
28693
25525
28205
12395
20398
24348
19361
20054
25434
11031
25841
21475
638
20873
11335
31523
3387
18202
17525
6447
2965
7635
14648
1375
18389
17896
3262
188
26667
20692
15975
12728
19352
27307
11977
2077
11787
32172
1270
7492
22475
13334
30977
25735
23572
19518
10174
16376
11013
29405
21450
19796
31418
6062
14283
32562
19381
28729
19961
22144
3202
7401
12510
20528
8346
9317
31065
23343
20105
14621
15849
27287
22860
32035
5928
30757
18685
14397
19862
2797
9906
13368
5272
5708
12194
13183
30401
17695
17289
13804
22351
1330
4686
32733
11513
26364
19683
6027
23016
9609
23918
11415
17667
27319
27302
7654
6255
9125
10879
4527
18774
31081
18441
21458
19688
16897
24725
28268
7840
32140
23579
12456
31689
13243
9432
6104
30784
17794
571
20164
20603
1811
6914
14145
7370
13836
25249
12806
18909
8175
30179
6332
31367
3284
10963
7764
14017
16986
22493
2461
3058
13027
5681
32278
622
11521
872
18177
3132
7979
18026
22712
20764
17333
23439
31812
31688
18687
27652
22828
27771
18924
13425
20875
29872
10901
16088
25701
44
11583
29633
2619
20286
21387
18068
16349
9798
24557
326
13184
5748
2911
29495
18448
17362
17239
1883
25288
19589
1014
1433
14079
13648
8834
880
1093
32601
7190
18400
31406
19248
15512
9864
14702
11533
12780
5644
7078
5721
24423
1465
18302
30832
1415
13932
13172
1190
4577
6831
5620
11656
11098
550
29480
19812
20122
5162
15633
5643
3774
23987
14807
11733
20045
30331
9309
7654
1134
352
15129
30128
25176
3082
12579
18361
27913
4559
13707
25502
24379
9683
1264
29017
26516
2164
14670
20927
5917
11237
19480
26700
5109
27672
32391
12835
25671
32226
7217
20049
25977
22874
19421
23378
17318
9090
25238
19926
1359
23337
27902
9413
32589
19727
25317
7808
17674
4939
14618
21354
26865
9194
17793
22951
8483
13017
10598
22051
9324
27397
13841
7894
21365
17088
32667
21063
571
28519
4608
2127
30143
15425
31860
32
27136
18603
9979
28549
13350
29042
9780
22380
21760
27009
373
417
4016
17852
7965
3036
22693
43
19238
9214
12490
13915
3066
22936
16637
9985
14728
10413
18883
13025
2710
8633
15162
25838
3161
21233
2383
17843
14403
22221
4144
32241
7196
11204
7429
3210
18516
14678
28379
5021
30872
9808
17376
243
10915
25676
18134
5530
5975
5239
28866
4303
16908
10647
13028
546
4648
27468
31980
1748
10991
16021
29547
30340
30109
22423
27272
17162
4530
14490
30964
4004
8078
8789
14112
17232
6461
22891
32429
6776
11668
25909
15908
31700
20861
11202
13543
5261
31631
3868
11111
32670
15842
28621
31640
31872
12833
14498
32162
30982
27616
22447
11482
29318
25904
18579
6384
29241
6513
5118
30569
10468
17000
26736
26960
28088
27538
12355
18729
9335
20407
18667
5415
20185
13505
16253
18847
19758
14799
13934
16315
4676
19334
22685
25715
20107
12967
32148
23481
22135
28903
25355
25588
18470
24571
8110
3504
13379
18162
13089
7060
20010
22983
22336
7828
26445
22327
30379
8808
14806
14544
27778
32316
18062
10571
29037
7593
18941
13595
23008
21988
3283
26950
2461
6965
4998
21620
16506
10923
28989
7749
9316
31759
16877
10472
11428
4118
4033
28906
21089
28378
10176
8011
10854
27275
8618
471
19494
31330
7970
23987
10749
16855
1554
20535
16057
6164
14924
12795
13401
9129
6765
12341
26645
24193
17415
4162
28574
5653
25343
20866
934
15327
4147
8553
29603
6674
864
21971
1744
16520
7236
24984
28277
15868
1791
30561
11625
31097
32703
20154
6357
16402
31132
16232
22074
23252
11457
9980
31414
16633
20429
19624
12163
14942
121
14162
32704
1592
8058
10727
13172
23042
9129
14834
23504
19642
10337
13421
29876
588
15144
17622
16245
11087
11410
4742
15070
11503
26723
18495
23668
1322
6388
14852
28414
16192
6616
7469
14917
3172
32190
1722
22553
21688
11161
9192
23188
21624
22271
24834
10147
6517
22479
29306
11713
29894
9495
29752
22022
13498
30517
4914
22369
15121
21820
30013
20258
17259
4505
21282
17083
28160
31222
30965
28359
25234
15966
8354
1867
8096
21410
23241
19772
18909
21756
31180
7490
4064
10483
13094
23484
30237
28030
27390
25092
7956
28524
24059
20724
25544
12547
7515
27817
20595
17384
4415
25990
22904
31295
30025
12924
23705
13074
873
24713
17002
17911
16628
31615
21509
20973
8695
29703
6400
29576
30410
9957
20892
9806
22504
27006
24895
21856
1021
16279
15653
24413
25665
7775
13138
4483
11013
24752
7627
24087
16523
20626
22021
20999
29211
27137
31902
3535
5971
15088
26955
17817
8639
1165
22290
3240
19114
455
8377
28662
21299
30477
8574
9244
2723
28505
3592
19059
3837
19054
22942
4473
31703
94
31639
13430
31593
15950
10513
7775
28132
16509
22246
13306
6917
3459
6108
2371
8681
30423
11036
1551
6947
660
20198
15855
8460
8829
11138
32599
12890
23614
27258
24063
8948
18165
19974
15498
3845
496
23752
6502
1103
2232
30137
8947
21955
2127
24676
22247
19790
6583
11602
12529
12277
1459
31429
11420
18468
30162
29097
7799
27203
13992
3783
10355
10123
28511
3132
19852
8984
29295
32553
26795
15679
2985
32173
2763
2337
28538
24848
1115
16512
12142
30785
7652
10706
22515
16003
17388
9364
7008
27235
10778
20449
11829
26861
10651
32579
14500
6431
24259
29129
337
23454
18936
32602
13655
19112
30668
12360
29067
11850
29801
29480
28932
211
3634
25826
1243
6024
11175
24324
14639
17305
14473
16476
19308
32596
28223
9157
21965
31641
31609
31041
21536
8590
20243
13640
26058
23699
2620
2656
28938
16505
24023
24814
2946
24558
22305
332
19443
26428
24469
9243
26952
20276
29709
23771
19158
15460
22313
4793
28130
24209
17140
31655
17507
25697
24005
19890
28938
22359
30308
6800
1152
29700
19310
2425
8175
21116
25083
25401
8387
29448
12157
9346
14770
794
6892
2694
7417
28294
6432
19909
7145
4334
26750
32548
24483
7038
12246
15168
7968
730
1164
10241
30324
2389
7158
28786
17235
14692
11270
13008
10964
25682
16169
5345
11381
31029
32622
29318
26207
18464
15595
23188
28396
1434
13149
19936
26471
8783
21262
29849
11283
19206
4348
15835
17774
9427
567
7552
32438
6542
18059
23610
17837
18563
1631
11743
14234
28523
2013
515
32656
24476
8019
17100
27122
21372
32473
30210
20791
14395
10549
29798
18411
16322
3067
11077
9206
20198
1273
7244
20257
7138
22225
3998
214
4356
20712
11300
17703
18342
11903
27172
29971
12128
28960
5142
1028
13692
14908
18867
18075
170
26642
14670
5808
5365
31186
871
30869
29686
32515
31870
9627
3400
5666
16677
8152
4924
16012
20569
13095
1997
414
8210
1903
5590
14106
24601
10281
2690
26828
24346
9500
772
6510
17914
12395
8841
29386
7530
24018
25707
7966
20925
26413
24232
20932
10486
6714
2194
17170
24358
21407
22984
9088
23797
11055
21860
18952
15486
13673
21878
8659
4192
32321
10930
6929
8465
8484
25701
9001
5238
8758
21678
26642
13233
27870
9450
27392
17211
7044
3696
9796
8498
27801
2943
19053
7668
2264
5236
22196
17132
32460
15680
4247
31660
6035
18202
7875
21820
26849
31345
19255
18354
18504
23845
12455
15875
950
6390
22302
20505
831
9789
1000
25382
14364
3802
16559
9271
31988
23917
24036
4364
19291
3273
29793
807
27289
2981
10828
28963
31660
10389
16190
23111
1680
31289
9124
4187
27837
6068
8038
21434
25842
13664
19399
30121
25649
31169
25741
29927
6154
7863
13409
18566
22045
13047
8312
19704
9435
4027
6003
1901
16780
22201
26500
13149
18326
3154
16339
20064
23804
8717
24864
5702
2085
1347
16809
11620
4831
1564
10318
22828
7843
10938
755
3841
19995
17075
31782
17225
10209
20165
5121
11971
5770
4293
16466
32282
10723
22489
22522
8123
32122
23783
19859
9188
26720
17229
32086
25342
23086
4563
4667
24109
2374
14301
18017
3621
22107
29414
689
5183
2356
10281
8639
460
19116
1697
23024
10665
32766
1332
4834
12308
27455
4396
10760
19645
13612
230
27285
29472
17446
7886
15516
21779
1147
24715
20341
29595
1511
7798
17250
12804
4699
24401
5746
7985
8700
3126
22694
26928
20591
8397
27475
12049
14164
11202
20423
9465
21008
13174
18735
15986
20176
21237
21945
21253
28875
9001
17141
28939
26567
17485
24961
21184
16606
7075
7141
10649
21634
6506
29884
13272
21951
6923
12309
20573
26304
15763
11288
1215
22165
13413
11501
10651
27699
30769
8153
12588
25276
25120
6570
15388
31489
1873
5206
28826
17990
26761
12255
18349
3653
18982
31353
17608
32373
18517
1007
19358
29323
31621
16451
2103
3649
16668
32149
7492
599
31848
28997
3248
8920
25560
8284
3703
12959
11884
10024
18875
2073
13674
9255
9237
28493
24147
18983
6953
27929
24853
23978
23677
18366
16002
8591
3979
30879
31489
30447
1556
27461
29059
13382
18104
11687
21177
30675
9668
30120
9349
31041
24651
8162
21934
7814
28024
2978
14807
22540
31266
30771
434
2062
17057
18272
881
31046
16096
18740
26493
10437
21684
29956
3435
26402
1132
13232
15660
5334
17322
7973
30851
32231
31345
23334
188
6340
22142
27469
25756
11376
26844
10828
10900
8675
16819
18041
27449
1198
32353
26506
28665
30429
32203
24988
10758
7201
12021
6523
5527
16431
11729
32285
23888
15459
8789
15215
20990
24745
5584
2645
2696
25501
12926
16875
16419
7665
8538
3602
15044
5391
31283
28456
25051
6400
31234
26390
17726
31117
29563
30608
12899
5796
11746
21912
10707
20477
9760
30276
18651
6140
26134
22722
31621
11738
26161
12697
2759
17152
11583
23345
23289
4019
8833
12182
28300
6902
17921
12153
250
14764
17189
6776
19961
2302
4485
23711
22772
26620
6138
29998
18619
13447
1527
15004
11130
20334
22301
8157
14056
11223
13577
24289
22720
28129
11121
11357
11125
23687
25199
22733
8994
10952
21276
698
1727
23556
10849
15928
2459
18346
19978
21940
6406
16
14364
2028
12878
8354
7273
26431
21742
18239
3169
15911
25857
15584
3371
7428
4605
4475
21493
29979
5533
12071
7304
25822
24351
10368
19999
6510
32432
17997
25209
26974
25893
6240
17197
3258
19435
3518
4414
5703
22849
22528
2799
4621
21668
7673
984
27923
32651
16793
9018
2666
26197
15633
23696
10604
15744
23352
22118
326
7963
20270
13166
13748
15486
28479
29137
2316
22584
5898
21699
28542
7241
29922
3162
26522
8338
18036
4000
15378
13705
18602
23783
4802
18225
24272
5212
27885
27722
13558
8415
31946
30148
24981
25362
29759
4730
19061
4784
12524
23325
20685
18977
26987
23150
2221
28747
16342
26033
32665
29866
23946
22878
22134
4515
31787
3609
12971
2325
32745
6628
19072
3890
1793
12692
4297
22413
4742
16001
17353
30835
11361
31874
25425
6271
11927
13337
21032
6761
4042
25834
9903
15135
22787
29810
28357
22039
10414
13557
27369
17379
26342
22712
1182
1798
3827
9585
1044
15110
12817
31740
18692
31170
6003
2127
2780
11014
7560
11696
25628
29277
16509
806
11520
12070
27139
29741
26975
17130
28242
22957
19923
4589
23150
7981
8218
29187
30633
18500
30396
31653
10345
27217
7150
28996
555
28268
6071
12509
18632
12189
9553
25550
12023
18763
6098
24808
20
10743
29196
29893
5920
15914
13745
1116
18184
18347
11707
15826
6186
13558
14346
19348
32533
3306
21071
15778
28816
17090
28202
7470
30431
1606
20623
24165
11329
25666
110
9357
16061
19256
2195
3152
24862
18514
4299
28759
19773
4250
4680
23579
15230
10861
11078
8440
29597
19245
21999
16772
23211
15671
1660
10014
8787
25109
29854
21962
32098
9460
5148
4668
32135
29016
189
11826
32342
526
24936
28423
16787
7267
1674
17029
8366
2963
18360
13820
30602
28804
25750
25488
11394
14772
27895
18903
31150
22384
29765
16804
23394
72
5156
1565
18424
6591
594
788
5328
6471
15825
23956
11412
29036
5961
27321
31425
24399
6312
2245
12387
11350
4107
3697
17952
14370
16865
17537
24439
24257
1613
7579
29514
3877
21965
8281
23962
9685
2330
14237
16019
24547
20559
23845
19144
31262
9548
21087
28863
20616
15709
23422
30640
4619
15895
12493
31626
23655
14723
6723
27191
21615
13695
26968
26145
3701
16992
17688
12789
23299
25820
31862
2471
19404
22312
21218
3254
1249
25949
31518
7601
11816
26912
13389
23290
6411
10370
15693
5322
28269
7205
4678
25717
30946
24737
10371
18671
24351
22309
7297
27791
25263
14690
1606
30740
30440
9380
26612
5862
17438
24642
27294
4254
27414
25401
23898
7111
7357
23828
10904
19942
23066
17935
14258
19641
28802
14971
25284
9405
1547
9572
4797
26866
19011
32370
3510
32738
7969
7949
2435
16864
20027
29380
10888
19598
7738
1776
25806
12194
23691
15764
29527
22249
12120
10120
22958
21900
17335
18903
9153
30354
11297
21093
22515
13990
805
32725
20334
2842
9821
16553
26806
6701
7586
19883
18564
18569
636
17292
7377
16400
31708
32716
5681
21464
8718
17625
2914
25972
24297
27003
31525
12150
7753
5999
24652
6449
25279
23891
3093
30660
4742
6082
31414
24660
4281
30143
22073
28568
30404
7255
7050
10907
537
11650
5583
23741
2596
13899
9207
5883
4736
18480
31894
13425
19819
16844
25584
2077
8823
2739
2131
6118
3459
18078
30891
2269
27114
17352
26960
8386
32250
10391
15138
202
23208
9343
30936
32159
25473
10276
16021
14505
4836
26814
16316
24204
20079
12994
24326
12018
24503
20415
3282
12682
25916
901
24508
15441
20380
25741
7024
12048
16134
5013
6593
2085
21746
5771
18933
13959
19983
23212
14947
19717
30845
8685
24641
31438
23101
24474
4535
27958
7142
18493
26167
32439
2969
6337
28945
22326
19510
22743
2626
24968
1232
7321
6541
14901
9311
2413
6094
31612
3509
8749
14986
2711
16308
7813
32202
19008
19901
20892
42
22131
15467
25590
25901
11638
5762
25753
12755
27159
20002
30062
22382
29493
15937
5867
24753
17537
24664
22255
29962
13446
2651
26349
9778
23527
18671
23885
15362
488
10712
9743
29320
12848
2736
26290
24154
24526
16351
22868
27434
14713
10183
25370
10395
4892
32319
27090
22867
2194
1091
11479
30801
15789
20457
9525
10369
24446
22679
12558
17038
19152
4980
3645
29944
31734
13340
26680
10854
11207
26008
32059
10813
15846
3981
7843
10097
25671
31667
4248
12700
7150
28553
3310
15437
26362
3656
27981
12450
26595
5909
16528
15641
16896
21370
20332
22435
25420
18967
21586
9722
7017
2453
27286
16437
9189
8156
30928
410
32189
4486
6787
23475
18463
26003
19708
24484
29812
6494
25469
29115
31646
4303
1691
23369
30846
22227
17125
11952
19386
16905
27334
12734
11453
20927
20397
16953
19455
22300
5738
26811
27270
16030
10972
3520
2733
3528
5833
1278
7716
26900
16397
25333
21816
13871
20983
20678
29524
11877
22000
21064
19656
30042
16221
12889
20938
2044
28359
2418
19130
6069
28729
4735
10667
9701
30954
16877
5406
29583
26652
21252
4112
6483
20292
16247
25400
23452
17771
21817
11146
3866
2516
24211
12799
8563
14815
4212
28824
6709
7725
13064
26785
10256
21253
14475
11827
3650
20471
13920
19708
1618
4799
29789
27202
27137
29036
1642
18470
14718
22465
9290
3622
20953
29659
13240
31462
26554
5652
14518
25392
6739
18472
8226
8761
12947
24470
6282
24358
25244
3913
27969
19406
6520
15480
6066
16578
16135
6859
31477
23179
27708
21439
32160
31794
29577
15691
30176
23302
19864
25540
7112
30617
15932
27390
30184
10252
17831
2740
29730
6028
12765
10793
11449
24349
25705
24336
28587
7062
8270
21417
9281
9453
29760
22574
9444
19125
5396
9069
3378
14821
15478
1718
11857
28635
24538
6391
7555
24225
21429
7462
4347
9838
12012
10207
32496
2160
652
18511
13039
30408
14781
14416
19829
26071
13809
22485
25021
17080
31585
30601
9687
13069
442
14003
26874
511
32019
30813
17435
24192
13091
13237
14526
20179
12465
9139
12813
32079
29515
6652
7207
16992
23355
30983
1466
4046
31159
6526
32724
8514
3928
7911
12278
5638
20174
32643
18539
22540
14289
17270
23255
29746
7770
16169
14611
18372
12820
19693
22584
10050
6669
18913
27130
25188
30898
23061
8248
18780
27642
14319
20176
5979
24033
4814
24504
26198
14616
16622
19787
4106
22011
18572
5856
8254
13251
1098
25505
15432
20989
26324
18331
9170
15931
8644
24337
11998
10761
13251
13334
27912
7458
8689
8795
18955
6116
24712
11589
23431
14850
11964
31810
15362
16761
27109
29022
5932
30149
7135
3601
19303
21332
18609
6747
17542
2875
16238
16915
29653
11048
29273
7293
2394
407
6732
21018
21083
4681
10587
21700
24865
12018
20660
24058
25083
2099
7625
10104
16773
19143
29362
4618
2089
7425
24012
11939
3815
4214
5287
23977
29010
23543
5663
30868
24795
29122
14280
14775
15698
17912
8848
22109
5802
22866
671
32536
31741
23568
28290
14934
15311
32051
18825
19765
31127
14828
9581
9881
15484
16724
26422
123
23388
16477
13148
11140
27154
10761
25901
14554
3065
20442
5486
30266
20396
24201
29765
28743
30736
4859
31319
28449
22165
15216
13613
8506
6840
22782
13020
26725
15053
30014
20709
32048
23035
69
29274
23668
20360
19157
24898
13098
13142
28885
24383
15488
5038
18431
10606
17965
14397
9945
29583
20225
5724
6118
7782
29632
23189
19741
11616
7728
11106
26522
16250
10865
2359
26516
3935
30349
28611
22671
16080
4176
7284
3538
29001
30042
7737
796
31202
6514
4747
13715
8307
10013
13230
2301
16891
11887
7220
3378
20547
13858
25540
14289
29886
25317
31001
26163
23220
10486
23885
15261
25759
15347
9304
12218
20694
12526
24276
24904
4456
1727
20739
273
23371
2206
6930
26909
12470
16113
13983
13350
27339
25186
28026
26956
1657
1333
11688
4106
14497
26328
24238
16489
3447
9660
7180
883
5932
17252
30983
6123
28618
11964
12715
28475
4703
18603
27921
30382
20317
5867
29918
223
24641
6425
1548
25458
24179
29704
7917
7425
8557
26459
28268
5977
18464
16723
18583
23015
29075
17637
17498
16493
26830
13840
26253
2553
18422
109
32306
21528
22201
11272
5623
22087
10221
5230
7939
29098
14963
5639
14574
26881
8546
9638
15121
21719
30561
1631
25345
10236
8533
4505
19542
22582
9277
17763
5553
32564
4697
3340
22269
1987
21394
30701
19700
15173
19734
21130
24037
17246
11331
21978
23477
29680
22726
24802
10021
29002
20996
28809
6226
1692
31673
18855
20610
16558
7646
2399
22813
8402
7121
4015
13306
31768
9904
30789
16604
23232
28421
5524
7229
27637
6569
8744
23370
25016
31714
7222
18734
18714
25295
32632
2451
12974
27142
20791
17510
16190
9595
12970
16091
25789
8868
28030
1458
32637
1242
11958
3256
930
16643
25525
26512
25303
15470
28057
32691
31295
21246
7883
27574
7342
2187
14036
19404
3354
27013
20595
20363
32076
24282
30188
18675
25819
31002
20386
28844
17499
30426
8424
16271
10450
2646
1813
360
875
8794
11990
1274
10607
14946
29641
3396
4208
30208
7751
26627
6856
2942
13185
19832
2114
16836
3022
28011
24342
1405
9027
19824
24859
22902
22661
23657
24888
9798
3547
24396
3355
11572
24711
6951
32558
8789
27223
24673
11463
12789
16759
23362
1184
30008
10889
19893
20870
6657
12535
5709
13653
16915
6536
10375
20515
23927
25394
23119
26556
1053
18992
10949
9039
4806
340
26176
12134
3872
5533
19347
24091
5939
12300
5776
6025
24573
10676
5067
11906
1881
9745
8609
28032
15654
10138
17016
28637
1956
21145
9287
6982
10017
21051
16730
19821
23766
5091
32335
4606
6412
19652
26981
29909
21635
32175
32502
17518
6419
26921
5953
22684
32148
12225
24941
12670
6396
1697
4043
687
12487
15458
6492
32446
9884
37
13459
30430
26925
7903
28507
8926
27743
10996
2140
9563
27819
16904
28026
8244
451
25873
927
27966
17529
5809
7099
20281
3037
13252
14601
12035
1446
14901
3219
14604
11732
29205
18936
28426
27027
11502
14701
494
18785
3924
11010
2070
13939
6334
12071
25540
3925
23956
14446
28111
30674
10121
2706
14488
24595
28715
6841
32576
1803
27064
17654
5400
31762
2612
31506
26969
25551
19640
20620
29462
1116
7437
2014
6510
23717
8570
1282
27654
19217
22233
18741
16311
1893
13040
23547
899
29669
16639
17763
25038
2492
27798
32140
458
25757
28329
30056
32052
12715
4326
7360
24126
1430
15174
2424
14796
24071
32739
9237
14818
21055
6409
32124
11357
14075
3471
12796
27106
14746
28520
32143
10517
13953
26741
25949
4619
20159
2461
6786
9729
237
4128
31249
20302
18776
5416
20057
11670
3427
23458
13671
29249
22054
12363
20684
24875
7771
4110
8864
18845
14203
2189
15302
2941
2596
1790
8050
31937
13758
2360
32745
17193
21342
25869
14472
30254
24554
6619
10504
7478
4479
24670
22016
24073
7183
27848
29355
28552
10575
5908
14316
9373
2000
23959
11407
9070
21867
30168
17106
7382
10467
24481
28452
6165
32454
11862
7212
9926
28052
31878
8205
5394
25891
15808
5865
27172
32066
25256
18084
19676
6045
841
28650
8392
22753
941
12403
28496
15648
26283
23173
28976
19318
17153
26043
19500
11501
3747
23814
22782
10910
13394
28145
1428
22297
10095
32041
10104
26375
27154
25660
21136
32014
14679
15521
2055
27893
21496
23545
20875
14857
3873
26004
7353
21695
11647
5431
27349
23450
11419
10012
10431
25423
31846
315
17186
2600
21780
456
19183
23206
7982
5885
15882
16746
8675
1049
18499
6741
27552
30633
4231
6383
10464
22278
26199
4101
23876
25375
25466
23703
13030
6776
21999
30705
21483
31859
1574
29975
599
4559
11632
28006
25125
24174
12467
8313
10648
8283
29538
19274
11212
11
22188
31385
29072
5603
14580
23698
21624
26875
2434
21930
20525
19234
17528
23754
32264
13858
27399
25263
28383
3653
19426
18577
22303
28183
12275
10754
16667
24430
16206
32282
14756
9640
12899
21457
10970
32052
9079
11692
22849
29780
5205
16540
14104
16672
31808
6691
486
14543
29229
29112
24149
19506
18223
10605
26179
11649
9523
16847
23831
858
1517
17677
32337
19719
5650
27997
6758
23552
22728
2716
30154
1712
8027
27444
7758
30844
10545
19523
10924
17154
0
5370
6240
5278
25662
24899
15290
14387
24025
8102
30258
16936
17705
18029
9979
3760
22563
25606
2523
30031
12239
3754
30777
21914
10748
30524
16504
24894
6962
9076
1923
18243
23784
4924
26793
9362
3063
21850
18348
23989
2895
20304
2324
17887
7912
15488
9417
14124
13052
10388
18145
41
9076
26909
29367
19095
6048
23162
23613
24428
17962
25596
27539
27675
13645
1864
7896
11541
19266
32508
15936
8592
17147
12437
5734
11399
22804
30096
11492
18178
17671
32719
8994
10135
21151
23871
15211
817
12207
24248
13382
19216
16899
26148
28163
3089
6551
24548
3732
21296
21255
27503
6046
15179
32327
30524
8912
2089
23956
21475
14452
29370
4266
639
29763
2720
56
16982
27774
20719
7569
8636
3898
28721
19108
5684
27132
13742
32302
24537
3973
12266
30766
15356
4079
5742
6810
11023
14073
24267
14928
19905
1184
8925
31823
7531
5103
15437
4903
939
25623
14681
28846
5454
14274
3800
16373
29812
32421
11128
15226
7662
32084
20555
13215
9707
10075
21122
22875
10196
24458
10872
8496
28020
4752
29682
21085
4444
24524
17317
5716
8326
17503
30200
7278
32568
31878
23308
9694
5419
3879
25593
3556
1261
14249
13659
8771
29316
8713
17166
24564
7508
11562
22837
26652
20803
10093
13953
16700
29466
14722
7088
14503
11310
29566
29779
30778
31041
12333
31957
9287
8355
17065
2489
5586
21404
8747
21539
1280
32527
2082
28570
14284
3927
13442
19724
2300
11125
19551
28434
23379
11117
1722
13174
19721
19949
7067
22003
16248
28976
10592
4155
1816
21282
1108
31551
22445
7365
9347
5546
16575
15571
9677
5038
20043
21925
3642
23556
8632
16979
20109
22062
5900
30493
12572
28160
19040
16649
10974
28766
4498
10446
17094
9543
15929
31985
847
19219
15326
18222
10841
22264
24169
12569
2867
7891
29913
7173
22265
20517
29752
28709
16160
22620
20174
26353
9807
8789
19350
21707
21360
19742
29166
13795
23304
16384
23954
600
12995
16317
3787
3488
9044
26902
2788
29993
3195
13456
24798
25152
12135
26488
26213
9011
29503
5669
16642
24498
22524
7037
3985
27771
2937
10683
18422
567
21709
22639
7436
23454
18904
21445
222
32482
796
4363
5914
13899
16846
11374
11202
31774
15405
21508
549
24004
1043
25616
4110
6696
15306
6273
31035
32609
3360
30651
24336
19345
5822
23194
22669
5389
17333
13748
9854
32190
16730
2015
30705
13767
1876
4596
21229
4455
9715
15314
30049
13857
20164
19109
16987
8987
19298
19560
3962
6341
22158
23720
26278
9146
2946
9867
4094
20203
24451
18450
30738
16634
22966
31387
18003
18660
32052
9386
14280
7651
6496
14568
4610
22163
29817
1644
16977
23379
1131
24122
32056
22510
10731
12809
29215
28795
8642
4170
26440
15745
8297
8549
20996
21343
19415
2630
16167
22763
1943
22552
8121
29018
18205
22864
19950
32096
23130
2030
24152
30615
26766
26879
4444
28709
3422
1383
30947
27546
19494
24541
9809
10519
19856
3127
29883
5045
7014
19432
17237
25380
20132
21447
13353
12179
25554
7954
17167
31952
10640
29618
18649
177
32115
31680
16078
10418
19215
6217
22106
8927
341
20814
14595
28149
29216
1807
1183
13508
20490
18570
22468
30935
16004
29502
641
20567
10278
52
12107
15149
20291
8768
6202
21351
19649
6533
7286
23773
28967
24631
18924
30740
15352
5285
12101
31842
23872
17526
2584
15699
30060
32050
9566
16204
1886
17925
31783
8046
20673
26304
29836
12989
31898
8225
18149
8322
25632
14676
25916
31726
20942
1721
30465
8447
31414
19944
15614
22696
8728
10995
29070
2092
6963
23275
30986
28619
7515
4005
30341
15520
7756
12477
6329
29130
9918
11740
13120
27850
21818
17975
30728
2348
811
26968
25857
10090
16440
5409
14872
6925
6097
21774
2921
17429
21768
18106
17328
22427
14499
18341
11009
7093
21871
12340
17850
6810
1751
16377
8117
4358
13748
7989
22466
7136
24423
6555
32596
26907
4902
30295
8826
28634
22931
4431
3089
29655
14995
6569
6713
22533
21853
6541
14085
1140
16081
11052
18807
25461
6668
32513
12971
14848
7993
5974
11090
24402
1193
23819
5474
6106
32295
29075
5644
5974
18053
25151
3055
28218
26491
8383
13707
26193
13234
25830
7160
4774
10011
23469
5591
5797
8581
18299
30346
26750
12143
30115
15776
4810
21786
11566
23187
14705
4067
31452
22710
26059
464
32357
1897
24069
31593
7428
29327
3015
22473
15670
16194
13843
24308
28608
16581
4721
8811
10735
22969
29001
2046
29987
32148
2448
30434
14223
26192
10150
23299
31290
21088
17279
29339
20553
24296
16898
6660
17281
21037
26030
2507
27144
27211
12931
15109
2411
1062
18720
26086
27365
11938
32041
20111
17631
32279
10987
21544
23987
13311
4163
30255
19381
3826
11451
17423
30324
22229
27895
27381
15677
31054
9552
21983
26337
19066
8126
5110
16056
15843
16635
31005
742
11180
2277
11466
2013
30223
29221
6932
13604
8970
29966
31758
16214
15956
12743
25940
17261
6038
1453
6627
10048
12504
4083
3118
25419
28985
27019
18030
6575
28644
5194
11577
7801
27455
25927
20566
21799
16486
28292
15824
1897
30423
11216
2889
6436
13423
30443
2449
15804
11669
1772
22135
4755
26037
32480
16607
17101
21488
20404
13077
6231
16401
29013
5985
7719
27587
14101
27356
14277
23554
17233
29313
21002
22224
24144
18055
4391
26921
13423
10223
8170
2360
16251
21593
1085
10443
24415
19483
7408
19461
26111
16020
11448
30802
6755
4286
5751
4000
30488
12803
11965
27597
10195
13138
18063
20059
2648
21617
21352
30827
13978
31637
22654
32489
21028
19248
30022
12036
12983
18954
15674
5857
5173
20883
15578
1680
26045
13944
20465
7487
29208
24436
11545
13997
26452
15977
19073
19682
430
24495
32750
8734
23990
939
2560
18191
13741
30372
21175
20806
3634
6867
9013
21996
5662
22713
8902
31921
15788
27062
18205
16134
18653
12502
6625
10124
24858
5614
30568
9676
27163
5864
10946
18984
7689
859
2809
32273
13535
5727
32151
3195
6934
25247
617
3726
31617
17583
11395
4255
8310
20384
11396
862
28718
26578
20507
19793
2158
10
6858
4225
15719
11460
23530
30835
32732
459
26096
9305
28290
28166
19182
394
5804
2453
16989
10800
10279
2589
7193
7232
8291
20831
25773
23728
12500
18960
7889
23268
25752
1764
13873
10345
18778
22509
3952
22757
8054
18979
22893
7758
21854
17732
965
30043
21052
15326
32409
30264
21465
8617
10129
7550
25533
7195
2080
8546
10136
8503
18698
10029
4320
30886
32548
27884
12220
21256
13659
15208
11553
27532
22520
13400
12346
26558
25891
20694
13070
27041
1701
9232
2653
2046
30962
13888
9418
8443
25446
3038
17728
15087
1487
11539
15502
26485
24364
16754
26196
23744
12724
5091
27939
14638
2074
4831
6624
9503
8208
8419
12905
18183
24074
18718
11131
15810
11844
11373
12756
5416
30470
14986
20116
26850
39
2945
10985
10620
29648
28003
14059
14266
23682
31293
14277
18992
17498
19019
278
20749
22932
5738
23959
19512
15439
24268
27389
18334
22927
27119
27937
29130
30600
12240
23646
182
22298
1372
13114
22752
3736
7207
16201
10913
461
10848
31055
31162
6977
20229
10405
17200
10936
1619
21982
13659
3324
17025
20649
11833
220
31917
19705
29704
19829
21015
23396
23571
7600
397
16585
21452
13580
23846
28982
27
24990
1075
12809
26358
20310
31091
10069
22322
8323
27014
20615
664
28569
13732
14409
32316
7730
5775
23462
7434
5460
27590
3183
22690
23282
2812
21214
15462
8373
9160
4730
1744
12284
2974
30266
29962
22305
1534
26605
27832
15358
23787
5849
30744
14255
23967
20899
18510
8090
3453
14191
12793
8109
11079
1095
22538
2535
20625
31937
30934
16154
18294
15580
4458
5359
26761
28204
19230
23850
5390
10551
26477
29231
8555
1566
7683
27845
17369
8320
8472
26395
23391
4763
15357
28937
8961
11188
16372
6551
9525
26041
13125
12739
918
24102
30350
11391
26332
22053
21595
16378
11020
32249
12022
11296
7148
3996
16513
19044
21946
31911
8513
19133
7709
13171
2109
16878
18780
16254
31240
27915
32718
18704
23003
20025
30610
14366
4326
1717
30335
32366
16360
4632
12382
19708
12030
18137
21847
14493
28600
16403
25770
4578
25970
5256
6048
29759
10210
32487
30912
20588
29677
23370
31557
30220
7871
7683
9936
24717
16154
10136
11099
19279
238
6668
29038
20744
22315
4960
31381
6759
32723
29018
9745
24567
3667
645
11726
17223
28691
18553
28565
17224
8012
12124
22147
20470
30746
24233
30906
16698
25554
1840
15702
13583
20117
21087
7843
6373
6949
22207
23693
25154
2296
13761
13143
15023
16523
18107
27280
8914
31225
29486
20547
20696
29132
10314
29807
19990
8211
436
14518
6127
26037
4486
2137
18424
9220
27032
19556
1882
29333
18942
28710
20856
26448
6353
2532
18898
9411
1843
31695
10537
8891
1933
8498
1509
25878
31003
23536
31667
5331
11435
5678
30322
12139
9889
3149
9296
16484
16959
29467
21296
22819
6691
20042
15696
15106
23057
2849
2344
26530
24051
13169
149
2947
16926
19659
17206
30417
18647
14320
30742
6273
14614
9353
17036
12189
6794
27928
32352
9948
29404
28463
1839
20086
26680
13280
3857
26678
27914
31860
18552
14801
22789
1887
26460
6518
4970
8564
15765
10406
12935
22358
30344
12614
13438
23343
13829
22771
13639
29348
7792
7829
17912
264
543
22071
18756
463
17412
5910
31042
1862
11148
20471
31344
4482
12230
30142
8184
20886
32200
61
17714
11530
15951
10570
24681
5512
24229
8724
13026
2263
24776
12983
14874
19726
30408
30733
18000
15617
28017
13255
23107
14592
10794
25277
14397
4033
16413
3459
16464
29594
24728
1853
992
20467
10931
3764
12898
4860
7732
1449
17250
16283
13743
12905
459
23465
27634
16289
23651
3677
12448
28276
8085
776
4123
11979
31859
25603
4775
4588
251
486
5837
19279
26009
31483
11006
13228
21486
30451
10873
601
2768
19159
8559
12499
914
6465
15460
15515
31877
17099
18136
15171
3262
15048
32039
29896
9498
5170
13742
30754
8832
23268
9519
24090
21862
3337
17014
11868
8855
18645
3389
6861
8499
627
15438
1310
23031
22078
5863
674
3006
19251
32098
21084
6472
6566
25877
31069
1083
18997
19320
31053
6503
16635
25733
21831
12878
2310
2149
22762
12260
29706
9288
21932
4755
25174
12949
19058
21378
18184
32323
10590
25367
15485
13702
12264
28859
15628
4015
1329
24541
21492
2637
4755
3641
23186
409
19069
20314
5592
10257
20862
16733
18426
8546
15775
24313
2666
17547
24566
29372
1031
18752
19576
20375
20370
25740
5135
29341
9825
6331
25837
29192
9047
15479
1311
23933
12819
32049
23397
29585
32360
24771
31297
20619
30733
2643
24910
31339
16022
18042
26835
28204
2467
8869
2968
4679
24920
5052
760
12920
15117
28674
26936
26820
20038
16445
22039
6075
13797
11286
10662
23035
12702
1474
31066
2805
7084
14562
21344
19700
26306
8360
19504
12379
14405
2364
2661
24621
29368
24670
17612
30675
17528
22860
26299
26138
3753
2022
20132
380
14448
14096
23273
12704
16994
32344
14578
21028
11837
23257
10878
12953
3798
20318
13622
22479
21587
20427
28808
25171
10394
31673
26034
15927
28682
27745
13853
17
17000
6587
31725
4934
28700
6887
6358
7561
26525
17867
26417
15262
3882
29182
335
31588
26299
25316
4877
14098
1591
7451
27048
13761
19431
11030
13779
13611
20267
5384
13319
16562
27499
4100
12059
31140
30545
10338
4372
13501
31797
27492
30270
4333
473
21530
30332
27484
16983
32642
6364
21676
23127
27636
9582
27518
18821
18365
18775
16439
22339
4875
16673
9732
12186
6409
32085
5403
19575
1098
30028
580
32532
4715
7234
20376
11700
10996
11436
14985
6547
23936
15819
27427
16669
2846
22402
2194
12894
16118
30821
30435
25018
31280
16914
8719
22750
30481
16324
31285
20982
10087
31525
1319
4896
29224
21348
10536
7713
29782
19080
5364
2136
18725
15620
26881
3824
7520
14219
1541
15193
4617
24357
9400
11256
12864
8067
6875
21789
101
5007
29049
20022
24193
23624
12397
32579
21986
22989
804
17034
518
31415
6820
20108
8891
5548
28877
31799
6531
306
20703
15709
22077
24000
18749
22373
30466
17947
27249
13889
8014
23008
30575
27552
19040
22108
27422
11876
7395
12708
30484
28246
31181
27618
24481
20504
24200
2798
22800
9564
19024
29726
18985
13652
13532
6238
6139
26985
22592
9859
24280
12848
21010
14300
15520
14490
24523
11018
4163
12139
14961
8466
21121
22765
21875
20657
27636
5349
1237
9200
11345
2758
20108
21495
18155
17445
27436
30502
30840
19309
14784
13666
14872
8916
11001
5805
9619
10125
26508
8186
28386
13631
13781
12863
5874
7607
25280
24523
15268
18650
12777
11226
10520
4317
6402
26727
4139
11960
19062
9793
1598
19159
21323
27489
12858
1555
20557
9083
19152
3810
32361
32467
18950
5834
10839
13138
31215
15388
17276
21465
16057
15326
5646
12757
16878
9
28793
32020
25331
24053
14337
5591
4309
6417
12457
17704
28996
32215
31828
20333
30944
10495
5419
5438
22708
20211
18238
13940
25856
6020
28014
27522
22844
25051
30090
2313
7513
1202
28600
24998
28746
24260
11543
31247
7107
19329
12706
17246
5441
20487
32088
20396
12362
5198
28826
13538
17910
31906
20436
4556
30126
30551
10847
26991
25396
21176
10406
18589
5603
12096
1416
27078
23865
25101
14078
19217
24210
23441
2558
27307
12342
26251
13727
7519
9622
21301
10621
13160
12499
25279
7007
24451
32128
1789
6167
5192
10409
19037
7082
19385
14868
29723
29873
27932
17094
15544
30463
17670
17609
9896
16772
17337
18477
20299
7025
30127
16717
19486
11421
27255
11348
26675
5416
32192
511
21982
10334
14004
27044
10418
20190
12679
19571
11179
21499
18255
11772
26541
8802
26646
28145
28205
13309
23341
22317
15406
14616
22980
8182
18800
15043
14264
16255
6116
15479
3756
15537
22370
8444
8027
23083
29086
22153
23852
17288
4697
3630
22536
8160
32724
623
30824
11665
22410
4402
16818
19263
798
11483
3781
4633
31123
26805
31954
25950
8379
9364
30831
6944
25330
7096
8422
8777
19724
23285
30163
18907
18571
25105
750
3452
17941
29806
32293
2865
27686
23784
3054
1642
7683
10497
7643
7231
28399
7996
8046
3321
21920
29894
25904
16084
13300
1627
4605
24067
1761
6248
26274
15861
21162
25197
12202
24535
8025
27046
17780
16986
6505
28394
21129
24246
10947
29651
21549
30447
8172
6943
2356
6486
11644
26710
17175
32084
27090
8877
19783
7523
3846
24363
24257
12893
6431
30218
18915
29689
5254
26464
24190
17042
12475
29439
12844
7723
27463
26521
17124
3761
26354
27944
10187
24959
17205
20108
17485
24616
2034
1654
12653
25712
31075
4998
20825
28059
26705
22448
16706
6891
21126
1764
7530
12132
26500
26862
19327
722
17783
29339
16167
1037
617
31261
27868
12412
21941
2736
24314
9432
30142
7038
8470
11058
32224
11712
30098
27192
28839
5671
2414
6580
10815
30074
6753
24661
22316
9344
17193
16050
17211
5920
25119
11148
5305
31431
19982
17747
18402
5130
19781
15596
32412
8077
747
23986
30822
14883
18067
22203
18059
5174
6672
10588
4251
29802
12683
24815
32027
19837
16851
30675
4732
27506
2291
3509
9290
31726
17674
21262
8358
30178
3415
19949
20982
9322
16788
23543
26843
22773
901
5548
25188
2215
28368
30444
7809
22779
783
28857
15034
24493
29732
18494
1312
6615
21708
26384
7044
24154
20344
181
2792
20351
24920
12643
819
4062
19384
31241
29481
15999
12175
15764
8345
32320
1877
9067
4312
3190
29462
827
21871
10967
2757
15866
4369
24728
10962
10278
18640
22226
28414
26958
21904
21546
20335
29908
2491
7089
5119
32753
24374
13065
4570
6393
16788
21450
26440
17377
18570
3107
10695
16382
30371
21189
14941
23311
20533
4604
13356
30078
24212
28191
10567
7139
29573
19243
8644
22986
16630
21931
4371
10678
6380
4827
13710
9830
27068
15372
5712
24918
19070
26954
4939
649
11199
20285
15253
5510
118
5197
24067
10145
29497
265
2041
7035
31665
4042
26240
21964
26700
8083
15769
10080
12337
20028
27090
6240
8569
15824
8214
30931
16284
18739
24521
23140
26153
27656
19221
22374
955
25041
22910
19221
296
16472
6333
24351
10491
4431
28619
4707
8997
12083
6204
7416
22767
26998
16846
21873
21811
13276
5186
31583
29900
25894
874
2840
31563
18670
10628
32439
24555
2258
7110
8292
26312
12500
27962
20950
23115
21249
21452
27925
30953
3665
9122
8837
27405
31951
5291
30752
21842
19705
1659
19971
23286
2666
13910
3116
9356
22966
7050
23938
16112
11158
24066
7189
26240
11077
6937
21160
4745
27689
27820
30573
21760
6838
26227
17423
25203
13456
32145
20213
22078
3055
3689
18886
1794
6728
29876
2344
32595
26154
27088
14798
28337
102
7515
26289
9914
23666
15361
13469
30877
2063
22674
30448
1746
1578
27480
415
24329
20736
23463
23673
28768
18310
18357
15280
12760
2568
32428
24981
3338
2576
24830
19875
24854
20873
6905
23743
12765
17700
28059
16062
22384
26107
31143
25896
16839
22133
16632
20283
9399
9833
21014
22323
8222
10886
20999
25801
14433
25330
22632
10490
13080
13617
20924
18185
11271
32073
23555
3783
30289
14883
20879
11282
7656
22837
30227
28572
7496
25950
31229
5358
7013
7441
18437
10668
17889
13238
20742
31258
7043
16973
18957
9951
15077
11093
4272
18441
2412
30188
10658
16722
18045
25655
3460
11169
24302
18692
14333
30676
5307
24750
11532
11965
20219
12609
26781
29290
9746
13791
27739
9386
39
22883
24518
22220
20953
1091
30341
26282
22317
16827
4349
27879
22731
16424
19234
24692
20843
12466
28045
4953
1930
18989
29904
27826
28513
29505
8966
1015
26903
22473
20398
385
12086
28026
27065
26698
2396
11205
24545
11509
5939
31486
25405
15886
18338
7869
14354
24978
20549
8069
2285
2994
14619
30627
28654
4820
20607
1881
10855
25819
7002
5180
10918
8616
5526
22491
31758
16096
22230
24993
11629
6384
28516
20477
13705
5455
4458
9407
1532
14851
23142
14534
16450
24167
20696
4824
16657
22827
27197
9681
30184
20380
11585
14848
12523
2598
17457
1486
28398
29207
5039
14752
17360
7333
10665
767
24842
1843
6284
19191
27271
26832
4788
13244
3511
15617
23080
6548
3807
27584
22660
6896
16563
12996
29494
27612
6694
13315
28653
30874
24193
19830
32079
7050
2994
7708
13291
27214
743
23617
9070
24106
8028
24832
16409
23473
12145
3335
17522
23966
1024
27290
23354
18176
2541
12507
9632
8346
8703
3144
29108
17801
10990
20613
13598
17191
29117
30556
8208
28720
31817
4354
23673
32547
25123
2459
19836
4075
10139
26625
25376
1215
20253
27073
22089
7751
5313
8295
24807
8960
2077
29692
18029
5601
30814
11980
16517
16447
26263
30317
9217
4846
29272
22012
21013
8873
29827
15786
18884
17331
15451
7031
28057
2239
8926
28990
20887
10510
26709
3058
9586
4567
4137
16423
3840
9963
12024
20436
2282
30361
24296
23895
6567
25807
20027
4025
30379
4483
7204
19508
26587
32337
30681
10482
32581
14182
13802
32024
30990
924
20433
12803
22443
24550
458
14801
4180
18927
31461
20260
23478
7678
21337
25122
32489
3101
15643
22209
8353
26746
8879
30785
32424
23309
10303
17914
6028
12923
17130
32087
7317
24123
23134
1315
16377
21495
10409
7683
13139
25653
19532
31812
27218
16950
16529
11991
30126
17182
12319
30618
2657
6230
21964
30938
2323
2351
24498
23573
6614
28616
2181
22020
12307
32049
23332
11224
2756
2256
21613
7621
1252
28420
22358
23229
18980
17161
10041
24958
17376
22556
23664
29390
21073
26079
1826
30981
9732
19454
29788
2253
19851
14611
18788
24358
19314
14535
26954
173
18549
27962
22719
24093
13807
30630
5162
8726
29846
21567
3065
3101
21350
11613
15157
31973
31451
27100
3162
6092
6243
31427
101
7593
24083
11301
19502
25797
10905
32069
24568
4647
28018
17405
3399
30741
7005
8033
16114
15831
18191
32159
30584
13502
12840
14634
2455
32357
27238
4375
16155
26679
18200
199
25077
8241
23254
15046
23436
9961
11632
19187
24152
8912
21028
9185
19884
30900
11796
7038
22483
19849
759
6898
30303
21864
4622
1482
18622
5080
27481
7254
32014
29005
15628
23887
15154
18926
14141
10941
17958
22939
22495
13848
18319
10543
13043
30638
31127
24834
2813
13636
8951
9395
19893
23552
6485
23588
18688
12679
15825
3525
11294
8290
10203
11798
10533
9126
29255
2151
19118
5588
24227
9442
20942
26366
17096
20428
12360
32299
29871
9736
29440
18941
10374
19165
12467
17553
29955
11001
20710
28327
29177
28853
16156
1539
9513
3482
24140
31507
12634
32036
20626
27089
31660
9415
26405
6635
15145
30000
20105
18977
9885
12493
19206
19183
13479
31631
6488
11373
8721
6127
18344
883
12893
29999
6843
2560
24224
29410
21354
7901
26260
32174
26706
26749
30696
26961
1996
7976
24538
11234
30240
16985
31496
24153
7157
15716
22403
9810
22796
16219
15654
27918
28462
18995
4134
1979
6499
15651
16873
13557
9061
24141
17436
5004
5460
10144
12800
30344
18347
23293
9220
14954
29555
8600
24985
32693
4791
15010
25922
28333
9527
32037
26346
26719
11616
12591
24699
18657
31100
1074
16556
7899
3367
7339
16411
31814
16130
4354
3227
17524
24235
17841
16079
6993
30444
30377
19960
23016
50
28657
30219
11305
5953
14737
17415
15337
3111
15022
15493
3370
23918
6134
20624
28573
29590
20799
5304
10597
12483
25194
28258
16158
10418
27534
11106
32030
5361
9299
14284
9722
22864
7835
26118
27212
11411
7272
32034
3508
14697
31994
363
23837
19362
1335
27454
23106
23964
1872
16412
16496
6654
11682
16892
18061
9641
27866
10470
16985
17900
24925
6845
4340
14071
7143
21853
26785
18067
8561
16102
30665
1808
8793
20566
30019
11902
11453
3678
1490
30240
24103
1134
6895
3613
22640
30227
11977
31097
32222
14978
395
26180
14480
30325
15325
22033
20764
10293
6829
10922
6262
14840
2095
27394
26900
3694
17954
21611
17231
15255
3414
3081
2317
26583
18027
1159
7325
32076
16347
27656
26338
10079
1339
13921
2228
20121
15293
6021
15235
1721
10234
576
9533
8963
16622
32553
9074
25818
29764
28626
20919
30865
32724
4673
20296
13439
1131
22692
2033
20049
13770
26944
1070
31396
19441
23211
1169
10964
6557
59
27748
23822
27663
23230
16272
12973
6159
363
14269
16579
22577
5913
13499
20213
24663
8111
3104
30861
19063
18908
31795
25546
16542
264
17929
890
2101
23434
13038
5835
21124
14619
2311
23391
30324
9610
13109
9630
30617
21426
8251
21328
32367
17578
7460
19563
9700
28475
11999
1577
16919
31639
12077
15454
1120
26439
12477
21769
8336
9574
28308
8745
22394
3853
19123
30162
2738
14350
8180
15487
15764
31717
27446
4522
10120
22251
4025
666
15237
24525
15051
29565
18644
30013
10917
23222
6423
29671
23696
18040
12169
2215
26188
24724
3463
29433
32433
25743
8272
19377
31127
15352
15369
9196
15092
13560
18436
4166
25924
1835
65
29773
18222
6830
28725
8758
19556
17786
2763
8911
30155
29424
937
14773
7388
27060
19892
31175
1610
9151
25302
32218
2020
27824
14591
6575
17854
14947
2153
5922
19083
29637
18209
21411
32590
6631
32195
20970
17970
1873
22916
5095
15541
14744
8054
20728
26892
22835
25864
23647
22211
29578
12748
20467
26277
6992
28286
20245
21979
25363
17729
30182
16472
26129
22315
18616
8820
21326
27396
14274
7638
12003
31051
2839
1432
15769
14714
19161
30118
20150
5260
30633
31079
22551
8379
10083
1440
6271
2702
23048
18837
13359
3859
6908
7025
32695
27497
17010
999
27915
25986
27428
11546
20185
21031
28743
14522
26138
15421
1982
16752
28136
4422
19598
2941
6543
30507
19858
10398
14566
12088
29808
4914
30432
10856
22731
1182
26206
13027
21434
2801
20807
20165
26489
8644
32219
16417
20319
21093
24132
17990
19472
7988
24174
1088
32756
15948
17433
12450
28648
26470
21805
29315
31795
14587
14413
4039
26043
30889
17326
20640
13177
13016
11818
15443
3114
32157
22160
4928
22599
25311
5439
10781
16440
13752
19443
2690
23237
22301
10206
31914
8141
11714
18939
24184
29498
21816
18847
27576
23604
18520
17745
23464
15509
2789
30171
30646
7325
5741
30625
3980
24296
3696
15922
28234
28828
32709
26141
13586
18919
12088
22790
16074
21161
15224
30712
28957
32621
5681
16381
7875
15006
6261
7404
24323
28152
13920
24195
32374
16444
5628
949
27917
23336
3426
20549
19797
19878
19490
24724
2298
24132
13285
12216
3723
25060
9297
17357
7292
27316
15917
29840
15729
25441
25030
42
22970
27272
27793
25161
537
622
31249
8565
22476
26864
11259
1698
13767
11197
15769
29441
32578
19650
26220
18460
14195
2790
20501
5666
18077
8952
9078
1151
4169
7397
28948
10416
16083
31023
30911
16214
26665
21146
5238
31625
28624
18473
19077
24686
18984
17224
19184
22796
1264
28235
23572
603
14604
28439
31372
23454
18822
14879
12370
20723
5076
4499
26406
21545
30041
1235
14900
30673
18990
1066
2801
16536
18721
23737
23878
8404
24830
12465
16112
21084
31502
16326
15911
669
18142
5088
13181
1258
29505
26131
25354
32532
30872
20433
14534
17467
22609
7262
9270
20963
30126
20101
22347
9034
27592
11914
27783
20218
1235
29791
14433
8858
13987
25114
18923
12553
18543
25255
24242
1710
1494
186
19941
30729
8991
18952
11962
16014
14021
29367
15886
22452
27699
19731
18252
23113
21452
27010
5263
13832
29742
29370
10763
4461
184
6705
20649
14792
22858
10453
13297
22929
14155
2046
5933
26875
11249
22177
26059
3275
21436
24262
8964
22379
25412
32572
31931
8250
28981
23947
1448
25895
8600
29738
23221
27262
5716
20722
14248
3329
18676
6099
16131
31291
12714
7622
31016
17169
24468
12290
20161
31898
26175
23411
607
25393
17514
18536
28001
13256
10252
32396
1048
12159
13208
9495
25897
32117
10367
4933
30770
24285
6902
17672
24496
26965
4859
2041
16928
15220
16018
29845
11876
24482
6485
1958
8041
20781
11563
28671
25351
22425
20568
25708
26664
11319
1206
5609
14381
7673
23617
4626
8077
10116
1753
10715
18879
11143
27972
12417
21595
19275
32115
9921
7548
2956
3078
9799
20840
15240
28434
8553
31603
21077
13857
19221
7712
13943
9082
15112
5770
9138
19107
8769
20226
8989
30757
9142
1274
18808
18063
9541
9762
12223
1213
11501
2256
23039
20826
7742
933
105
4004
27662
10350
28325
6511
4718
9800
28009
21101
27869
5896
27209
172
15547
15321
20945
3680
29696
27943
20433
6371
6189
16828
27128
28922
20867
12585
10404
28762
31347
13672
16889
18539
17239
12223
31537
11851
15967
5351
13362
2070
26574
9326
20838
32613
32358
12122
30663
7444
16416
12815
20281
21065
24353
17779
16157
4785
17130
11087
22819
25613
27087
31225
26207
1774
32426
11056
19104
7356
30416
4679
12797
28413
19524
32134
15536
15316
10283
1741
7464
11208
4480
22394
23641
21703
29705
25485
14423
28267
5002
24586
20771
7036
16184
30879
6084
27829
22896
2183
13210
203
1961
23214
20976
26027
7848
13590
5072
7939
7923
13177
3611
30213
21895
13616
4057
30312
29901
25171
8909
15535
14795
3106
31308
31149
29079
27811
17488
20297
29458
2445
4297
27263
24786
15973
17203
32423
18272
12775
17005
1530
27556
15015
23241
27474
23965
30456
1632
305
9046
7181
4008
27141
4117
16478
16968
21930
7125
9549
7722
14385
20214
17418
16594
24032
5684
8628
30959
121
4822
11969
14384
16832
15143
13727
22361
12087
24362
7323
24726
13100
25994
32515
21519
5877
21712
24967
6844
31355
31960
1509
7035
25845
21638
8646
9824
21238
24501
31970
10828
26026
12656
14955
26817
5980
24165
20905
7156
6460
29590
31202
17188
15968
17746
3452
2347
6152
10852
10341
31059
10022
30602
1459
30314
18206
20265
24712
10265
13770
6462
23609
21105
23745
14232
14255
19399
16345
19013
20493
1218
13546
6218
13970
22194
18645
28823
24002
3107
30149
5945
8640
22451
3765
4818
12287
11552
1075
28230
4633
12453
26211
17080
24575
12423
18502
7605
23891
23787
26684
6062
1554
12778
16840
11948
20086
18407
27796
14655
6683
32288
27829
1463
11872
13188
22575
31127
9232
453
30140
17735
7234
11949
14537
9
15485
18357
16066
16430
13856
7124
12687
906
23809
1941
13151
31781
4437
18284
14244
5427
208
17482
27998
17479
781
3695
7837
31427
5423
31360
10561
19347
14537
5337
29957
6427
14843
24356
2748
24429
8414
3114
12506
28352
21026
11754
12597
10782
8950
2536
11277
7772
25640
1992
7242
1359
10382
28187
28934
2365
19108
24953
24651
23698
30070
22992
22302
31188
13505
507
10940
8153
20565
13719
28451
24120
30397
4370
5844
17917
31522
18436
16344
4769
10861
13763
20993
24377
31660
23602
21106
15341
8119
17625
4193
14252
13331
30779
3868
12830
7446
32611
20810
2522
19276
9153
26996
31450
28698
24884
29636
16683
26017
15976
23820
21481
19941
32610
6921
19563
11567
26201
14826
19899
944
30408
25356
73
10854
28353
16648
30176
30532
27268
25839
2520
27789
26192
4308
4494
30593
4729
2955
28945
571
11707
25009
26654
23770
22990
14316
11087
16863
7738
4724
7567
31190
3437
13779
15825
25145
16395
1257
7426
23441
6789
50
28731
25310
4333
19020
4924
23097
23817
21939
3862
17592
23206
8144
31015
31122
32302
7474
15947
4739
6525
15131
11857
6514
25329
6718
23468
14674
29376
26311
9067
30278
10895
29084
29036
12552
15168
28386
5324
31115
15627
32196
14497
29919
3536
23919
21740
23126
27051
29537
11209
19429
29130
1764
9961
3532
5499
21973
10562
24953
4489
26282
10501
1962
31177
15284
9681
11731
240
19360
20262
19135
29351
25412
28444
11897
5090
21657
27989
18797
23917
5891
32304
28363
17607
15577
21055
5676
1844
25121
23036
24696
11022
30875
29111
25607
11100
5378
2515
1030
422
8590
7986
22301
519
6589
6126
24910
15747
13139
22602
9505
24219
6303
9192
20478
13343
6145
7996
1498
24132
27817
1344
4118
20982
1185
25961
29603
9839
26638
32218
12907
24841
9651
1497
15340
13136
26806
31871
20774
24412
7079
20403
24504
13918
15550
28505
6214
25976
18276
8390
17437
1234
22261
9847
7706
7402
26309
4099
13000
5675
21345
17999
3016
18114
279
10241
10870
4781
19384
18999
5577
21012
9116
12664
32635
29149
31719
5867
17514
635
28171
3526
19519
10502
13966
7434
3149
9873
28430
8558
12732
27064
10626
2968
14054
24184
20674
20115
26625
28740
29258
4734
6911
29268
21818
32641
7858
25153
674
13574
9524
14543
8957
16677
11654
15625
21755
11359
12407
3476
24964
28048
5319
21565
28921
23071
11917
22484
9661
26232
19926
24637
16372
19132
8335
8388
11914
24502
27557
7345
12663
18450
24426
14876
28994
14793
2875
30467
12228
31712
13408
29850
30255
27730
5171
19682
25679
8779
16772
26237
1295
150
18749
15041
19518
19545
14914
16907
8595
7168
10395
31318
7407
12919
27605
15372
22499
6812
7333
20763
30834
5876
5583
588
22808
14748
31814
3793
29195
14467
4757
16924
26560
20951
23421
7160
25265
21693
20448
16082
5214
8773
11230
6231
3473
15005
5949
30789
18919
10885
11534
2426
5260
27906
9869
24914
10822
5463
11594
6447
15541
21809
6278
9817
15065
13090
6624
25609
724
1360
7473
960
24817
1135
24500
22493
32742
2796
618
11375
11862
21611
7100
8776
7578
20852
3171
16467
32193
25449
7045
12071
6869
5308
7712
21211
24416
8542
11692
14108
24623
25467
12796
382
21846
30820
16998
24080
9333
12749
8739
6707
24633
10040
23544
25004
24869
31665
16662
20983
23442
11196
20288
22494
5876
30604
16939
2891
10848
15733
21546
32091
25163
22692
29195
11443
13205
22542
26171
5143
24518
